2023 9 7 15 9 30 58 A
2023 9 7 15 9 42 78 A
2023 9 7 15 9 54 68 A
2023 9 7 15 10 7 103 A
2023 9 7 15 10 19 36 A
2023 9 7 15 10 31 45 A
2023 9 7 15 10 44 57 A
2023 9 7 15 10 56 99 A
2023 9 7 15 11 8 64 A
2023 9 7 15 11 21 37 A
2023 9 7 15 11 33 37 A
2023 9 7 15 11 45 60 A
2023 9 7 15 11 58 31 A
2023 9 7 15 12 10 31 A
2023 9 7 15 12 22 31 A
2023 9 7 15 12 35 31 A
2023 9 7 15 12 47 31 A
2023 9 7 15 12 59 31 A
2023 9 7 15 13 12 31 A
2023 9 7 15 13 24 32 A
2023 9 7 15 13 36 31 A
2023 9 7 15 13 49 31 A
2023 9 7 15 14 1 31 A
2023 9 7 15 14 13 31 A
2023 9 7 15 14 26 31 A
2023 9 7 15 14 38 34 A
2023 9 7 15 14 51 30 A
2023 9 7 15 15 3 32 A
2023 9 7 15 15 15 31 A
2023 9 7 15 15 28 31 A
2023 9 7 15 15 40 35 A
2023 9 7 15 15 52 32 A
2023 9 7 15 16 5 31 A
2023 9 7 15 16 17 31 A
2023 9 7 15 16 29 31 A
2023 9 7 15 16 42 30 A
2023 9 7 15 16 54 31 A
2023 9 7 15 17 6 33 A
2023 9 7 15 17 19 33 A
2023 9 7 15 17 31 31 A
2023 9 7 15 17 43 31 A
2023 9 7 15 17 56 31 A
2023 9 7 15 18 8 33 A
2023 9 7 15 18 20 31 A
2023 9 7 15 18 33 30 A
2023 9 7 15 18 45 33 A
2023 9 7 15 18 57 32 A
2023 9 7 15 19 10 32 A
2023 9 7 15 19 22 31 A
2023 9 7 15 19 34 31 A
2023 9 7 15 19 47 32 A
2023 9 7 15 19 59 31 A
2023 9 7 15 20 12 31 A
2023 9 7 15 20 24 31 A
2023 9 7 15 20 36 30 A
2023 9 7 15 20 49 31 A
2023 9 7 15 21 1 32 A
2023 9 7 15 21 13 31 A
2023 9 7 15 21 26 30 A
2023 9 7 15 21 38 31 A
2023 9 7 15 21 50 30 A
2023 9 7 15 22 3 33 A
2023 9 7 15 22 15 34 A
2023 9 7 15 22 27 33 A
2023 9 7 15 22 40 32 A
2023 9 7 15 22 52 31 A
2023 9 7 15 23 4 31 A
2023 9 7 15 23 17 31 A
2023 9 7 15 23 29 30 A
2023 9 7 15 23 41 31 A
2023 9 7 15 23 54 34 A
2023 9 7 15 24 6 37 A
2023 9 7 15 24 18 31 A
2023 9 7 15 24 31 31 A
2023 9 7 15 24 43 33 A
2023 9 7 15 24 55 32 A
2023 9 7 15 25 8 34 A
2023 9 7 15 25 20 31 A
2023 9 7 15 25 33 30 A
2023 9 7 15 25 45 30 A
2023 9 7 15 25 57 31 A
2023 9 7 15 26 10 31 A
2023 9 7 15 26 22 31 A
2023 9 7 15 26 34 33 A
2023 9 7 15 26 47 32 A
2023 9 7 15 26 59 37 A
2023 9 7 15 27 11 32 A
2023 9 7 15 27 24 32 A
2023 9 7 15 27 36 72 A
2023 9 7 15 27 48 31 A
2023 9 7 15 28 1 32 A
2023 9 7 15 28 13 33 A
2023 9 7 15 28 25 32 A
2023 9 7 15 28 38 31 A
2023 9 7 15 28 50 32 A
2023 9 7 15 29 2 32 A
2023 9 7 15 29 15 32 A
2023 9 7 15 29 27 31 A
2023 9 7 15 29 39 33 A
2023 9 7 15 29 52 31 A
2023 9 7 15 30 4 31 A
2023 9 7 15 30 17 31 A
2023 9 7 15 30 29 32 A
2023 9 7 15 30 41 32 A
2023 9 7 15 30 54 32 A
2023 9 7 15 31 6 32 A
2023 9 7 15 31 18 31 A
2023 9 7 15 31 31 32 A
2023 9 7 15 31 43 38 A
2023 9 7 15 31 55 31 A
2023 9 7 15 32 8 33 A
2023 9 7 15 32 20 32 A
2023 9 7 15 32 32 31 A
2023 9 7 15 32 45 31 A
2023 9 7 15 32 57 32 A
2023 9 7 15 33 9 31 A
2023 9 7 15 33 22 32 A
2023 9 7 15 33 34 31 A
2023 9 7 15 33 46 31 A
2023 9 7 15 33 59 32 A
2023 9 7 15 34 11 31 A
2023 9 7 15 34 23 33 A
2023 9 7 15 34 36 32 A
2023 9 7 15 34 48 32 A
2023 9 7 15 35 1 30 A
2023 9 7 15 35 13 31 A
2023 9 7 15 35 25 31 A
2023 9 7 15 35 38 30 A
2023 9 7 15 35 50 30 A
2023 9 7 15 36 2 30 A
2023 9 7 15 36 15 30 A
2023 9 7 15 36 27 30 A
2023 9 7 15 36 39 30 A
2023 9 7 15 36 52 31 A
2023 9 7 15 37 4 32 A
2023 9 7 15 37 16 32 A
2023 9 7 15 37 29 35 A
2023 9 7 15 37 41 31 A
2023 9 7 15 37 53 30 A
2023 9 7 15 38 6 30 A
2023 9 7 15 38 18 31 A
2023 9 7 15 38 30 30 A
2023 9 7 15 38 43 31 A
2023 9 7 15 38 55 33 A
2023 9 7 15 39 7 33 A
2023 9 7 15 39 20 36 A
2023 9 7 15 39 32 30 A
2023 9 7 15 39 44 30 A
2023 9 7 15 39 57 30 A
2023 9 7 15 40 9 31 A
2023 9 7 15 40 22 32 A
2023 9 7 15 40 34 34 A
2023 9 7 15 40 46 31 A
2023 9 7 15 40 59 30 A
2023 9 7 15 41 11 30 A
2023 9 7 15 41 23 31 A
2023 9 7 15 41 36 35 A
2023 9 7 15 41 48 67 A
2023 9 7 15 42 0 30 A
2023 9 7 15 42 13 31 A
2023 9 7 15 42 25 30 A
2023 9 7 15 42 37 31 A
2023 9 7 15 42 50 31 A
2023 9 7 15 43 2 33 A
2023 9 7 15 43 14 30 A
2023 9 7 15 43 27 30 A
2023 9 7 15 43 39 32 A
2023 9 7 15 43 51 30 A
2023 9 7 15 44 4 31 A
2023 9 7 15 44 16 31 A
2023 9 7 15 44 28 31 A
2023 9 7 15 44 41 33 A
2023 9 7 15 44 53 31 A
2023 9 7 15 45 6 30 A
2023 9 7 15 45 18 32 A
2023 9 7 15 45 30 31 A
2023 9 7 15 45 43 31 A
2023 9 7 15 45 55 31 A
2023 9 7 15 46 7 31 A
2023 9 7 15 46 20 30 A
2023 9 7 15 46 32 30 A
2023 9 7 15 46 44 31 A
2023 9 7 15 46 57 32 A
2023 9 7 15 47 9 31 A
2023 9 7 15 47 21 31 A
2023 9 7 15 47 34 31 A
2023 9 7 15 47 46 31 A
2023 9 7 15 47 58 31 A
2023 9 7 15 48 11 30 A
2023 9 7 15 48 23 30 A
2023 9 7 15 48 35 32 A
2023 9 7 15 48 48 34 A
2023 9 7 15 49 0 31 A
2023 9 7 15 49 12 31 A
2023 9 7 15 49 25 31 A
2023 9 7 15 49 37 31 A
2023 9 7 15 49 49 32 A
2023 9 7 15 50 2 36 A
2023 9 7 15 50 14 31 A
2023 9 7 15 50 27 31 A
2023 9 7 15 50 39 37 A
2023 9 7 15 50 51 37 A
2023 9 7 15 51 4 33 A
2023 9 7 15 51 16 32 A
2023 9 7 15 51 28 30 A
2023 9 7 15 51 41 31 A
2023 9 7 15 51 53 35 A
2023 9 7 15 52 5 31 A
2023 9 7 15 52 18 30 A
2023 9 7 15 52 30 32 A
2023 9 7 15 52 42 35 A
2023 9 7 15 52 55 36 A
2023 9 7 15 53 7 31 A
2023 9 7 15 53 19 30 A
2023 9 7 15 53 32 33 A
2023 9 7 15 53 44 31 A
2023 9 7 15 53 56 31 A
2023 9 7 15 54 9 31 A
2023 9 7 15 54 21 31 A
2023 9 7 15 54 33 30 A
2023 9 7 15 54 46 31 A
2023 9 7 15 54 58 30 A
2023 9 7 15 55 11 32 A
2023 9 7 15 55 23 32 A
2023 9 7 15 55 35 35 A
2023 9 7 15 55 48 31 A
2023 9 7 15 56 0 32 A
2023 9 7 15 56 12 33 A
2023 9 7 15 56 25 37 A
2023 9 7 15 56 37 32 A
2023 9 7 15 56 49 40 A
2023 9 7 15 57 2 31 A
2023 9 7 15 57 14 32 A
2023 9 7 15 57 26 35 A
2023 9 7 15 57 39 33 A
2023 9 7 15 57 51 31 A
2023 9 7 15 58 3 30 A
2023 9 7 15 58 16 32 A
2023 9 7 15 58 28 32 A
2023 9 7 15 58 40 32 A
2023 9 7 15 58 53 32 A
2023 9 7 15 59 5 34 A
2023 9 7 15 59 17 36 A
2023 9 7 15 59 30 31 A
2023 9 7 15 59 42 32 A
2023 9 7 15 59 55 31 A
2023 9 7 16 0 7 30 A
2023 9 7 16 0 19 31 A
2023 9 7 16 0 32 31 A
2023 9 7 16 0 44 34 A
2023 9 7 16 0 56 31 A
2023 9 7 16 1 9 31 A
2023 9 7 16 1 21 31 A
2023 9 7 16 1 33 31 A
2023 9 7 16 1 46 34 A
2023 9 7 16 1 58 38 A
2023 9 7 16 2 10 31 A
2023 9 7 16 2 23 33 A
2023 9 7 16 2 35 33 A
2023 9 7 16 2 47 31 A
2023 9 7 16 3 0 35 A
2023 9 7 16 3 12 33 A
2023 9 7 16 3 24 31 A
2023 9 7 16 3 37 38 A
2023 9 7 16 3 49 37 A
2023 9 7 16 4 1 31 A
2023 9 7 16 4 14 32 A
2023 9 7 16 4 26 31 A
2023 9 7 16 4 39 30 A
2023 9 7 16 4 51 31 A
2023 9 7 16 5 3 31 A
2023 9 7 16 5 16 30 A
2023 9 7 16 5 28 30 A
2023 9 7 16 5 40 30 A
2023 9 7 16 5 53 31 A
2023 9 7 16 6 5 41 A
2023 9 7 16 6 17 33 A
2023 9 7 16 6 30 31 A
2023 9 7 16 6 42 31 A
2023 9 7 16 6 54 32 A
2023 9 7 16 7 7 42 A
2023 9 7 16 7 19 30 A
2023 9 7 16 7 31 31 A
2023 9 7 16 7 44 30 A
2023 9 7 16 7 56 31 A
2023 9 7 16 8 8 31 A
2023 9 7 16 8 21 31 A
2023 9 7 16 8 33 30 A
2023 9 7 16 8 45 30 A
2023 9 7 16 8 58 31 A
2023 9 7 16 9 10 30 A
2023 9 7 16 9 22 33 A
2023 9 7 16 9 35 30 A
2023 9 7 16 9 47 30 A
2023 9 7 16 10 0 30 A
2023 9 7 16 10 12 32 A
2023 9 7 16 10 24 32 A
2023 9 7 16 10 37 32 A
2023 9 7 16 10 49 36 A
2023 9 7 16 11 1 32 A
2023 9 7 16 11 14 30 A
2023 9 7 16 11 26 30 A
2023 9 7 16 11 38 31 A
2023 9 7 16 11 51 31 A
2023 9 7 16 12 3 31 A
2023 9 7 16 12 15 31 A
2023 9 7 16 12 28 31 A
2023 9 7 16 12 40 31 A
2023 9 7 16 12 52 30 A
2023 9 7 16 13 5 31 A
2023 9 7 16 13 17 31 A
2023 9 7 16 13 29 31 A
2023 9 7 16 13 42 30 A
2023 9 7 16 13 54 30 A
2023 9 7 16 14 6 31 A
2023 9 7 16 14 19 31 A
2023 9 7 16 14 31 31 A
2023 9 7 16 14 44 32 A
2023 9 7 16 14 56 31 A
2023 9 7 16 15 8 31 A
2023 9 7 16 15 21 31 A
2023 9 7 16 15 33 31 A
2023 9 7 16 15 45 31 A
2023 9 7 16 15 58 30 A
2023 9 7 16 16 10 33 A
2023 9 7 16 16 22 32 A
2023 9 7 16 16 35 30 A
2023 9 7 16 16 47 31 A
2023 9 7 16 16 59 31 A
2023 9 7 16 17 12 30 A
2023 9 7 16 17 24 30 A
2023 9 7 16 17 36 30 A
2023 9 7 16 17 49 30 A
2023 9 7 16 18 1 31 A
2023 9 7 16 18 13 30 A
2023 9 7 16 18 26 32 A
2023 9 7 16 18 38 31 A
2023 9 7 16 18 50 31 A
2023 9 7 16 19 3 32 A
2023 9 7 16 19 15 32 A
2023 9 7 16 19 27 31 A
2023 9 7 16 19 40 36 A
2023 9 7 16 19 52 35 A
2023 9 7 16 20 5 31 A
2023 9 7 16 20 17 31 A
2023 9 7 16 20 29 31 A
2023 9 7 16 20 42 38 A
2023 9 7 16 20 54 37 A
2023 9 7 16 21 6 34 A
2023 9 7 16 21 19 32 A
2023 9 7 16 21 31 30 A
2023 9 7 16 21 43 30 A
2023 9 7 16 21 56 32 A
2023 9 7 16 22 8 30 A
2023 9 7 16 22 20 31 A
2023 9 7 16 22 33 33 A
2023 9 7 16 22 45 30 A
2023 9 7 16 22 57 30 A
2023 9 7 16 23 10 30 A
2023 9 7 16 23 22 30 A
2023 9 7 16 23 34 32 A
2023 9 7 16 23 47 31 A
2023 9 7 16 23 59 32 A
2023 9 7 16 24 11 37 A
2023 9 7 16 24 24 30 A
2023 9 7 16 24 36 32 A
2023 9 7 16 24 49 31 A
2023 9 7 16 25 1 31 A
2023 9 7 16 25 13 31 A
2023 9 7 16 25 26 30 A
2023 9 7 16 25 38 30 A
2023 9 7 16 25 50 30 A
2023 9 7 16 26 3 31 A
2023 9 7 16 26 15 30 A
2023 9 7 16 26 27 32 A
2023 9 7 16 26 40 37 A
2023 9 7 16 26 52 31 A
2023 9 7 16 27 4 30 A
2023 9 7 16 27 17 31 A
2023 9 7 16 27 29 31 A
2023 9 7 16 27 41 30 A
2023 9 7 16 27 54 31 A
2023 9 7 16 28 6 31 A
2023 9 7 16 28 18 31 A
2023 9 7 16 28 31 31 A
2023 9 7 16 28 43 32 A
2023 9 7 16 28 55 31 A
2023 9 7 16 29 8 31 A
2023 9 7 16 29 20 30 A
2023 9 7 16 29 33 32 A
2023 9 7 16 29 45 31 A
2023 9 7 16 29 57 33 A
2023 9 7 16 30 10 30 A
2023 9 7 16 30 22 34 A
2023 9 7 16 30 34 32 A
2023 9 7 16 30 47 31 A
2023 9 7 16 30 59 31 A
2023 9 7 16 31 11 31 A
2023 9 7 16 31 24 34 A
2023 9 7 16 31 36 34 A
2023 9 7 16 31 48 31 A
2023 9 7 16 32 1 31 A
2023 9 7 16 32 13 31 A
2023 9 7 16 32 25 31 A
2023 9 7 16 32 38 31 A
2023 9 7 16 32 50 32 A
2023 9 7 16 33 2 37 A
2023 9 7 16 33 15 37 A
2023 9 7 16 33 27 31 A
2023 9 7 16 33 39 32 A
2023 9 7 16 33 52 30 A
2023 9 7 16 34 4 31 A
2023 9 7 16 34 17 32 A
2023 9 7 16 34 29 31 A
2023 9 7 16 34 41 30 A
2023 9 7 16 34 54 30 A
2023 9 7 16 35 6 30 A
2023 9 7 16 35 18 30 A
2023 9 7 16 35 31 30 A
2023 9 7 16 35 43 31 A
2023 9 7 16 35 55 31 A
2023 9 7 16 36 8 32 A
2023 9 7 16 36 20 31 A
2023 9 7 16 36 32 31 A
2023 9 7 16 36 45 30 A
2023 9 7 16 36 57 30 A
2023 9 7 16 37 9 31 A
2023 9 7 16 37 22 30 A
2023 9 7 16 37 34 30 A
2023 9 7 16 37 46 30 A
2023 9 7 16 37 59 34 A
2023 9 7 16 38 11 30 A
2023 9 7 16 38 23 30 A
2023 9 7 16 38 36 30 A
2023 9 7 16 38 48 31 A
2023 9 7 16 39 0 31 A
2023 9 7 16 39 13 32 A
2023 9 7 16 39 25 30 A
2023 9 7 16 39 38 31 A
2023 9 7 16 39 50 31 A
2023 9 7 16 40 2 31 A
2023 9 7 16 40 15 31 A
2023 9 7 16 40 27 33 A
2023 9 7 16 40 39 32 A
2023 9 7 16 40 52 32 A
2023 9 7 16 41 4 34 A
2023 9 7 16 41 16 39 A
2023 9 7 16 41 29 35 A
2023 9 7 16 41 41 32 A
2023 9 7 16 41 53 32 A
2023 9 7 16 42 6 32 A
2023 9 7 16 42 18 34 A
2023 9 7 16 42 30 33 A
2023 9 7 16 42 43 33 A
2023 9 7 16 42 55 34 A
2023 9 7 16 43 7 36 A
2023 9 7 16 43 20 32 A
2023 9 7 16 43 32 33 A
2023 9 7 16 43 44 32 A
2023 9 7 16 43 57 32 A
2023 9 7 16 44 9 32 A
2023 9 7 16 44 22 32 A
2023 9 7 16 44 34 32 A
2023 9 7 16 44 46 33 A
2023 9 7 16 44 59 38 A
2023 9 7 16 45 11 33 A
2023 9 7 16 45 23 31 A
2023 9 7 16 45 36 30 A
2023 9 7 16 45 48 31 A
2023 9 7 16 46 0 30 A
2023 9 7 16 46 13 30 A
2023 9 7 16 46 25 30 A
2023 9 7 16 46 37 36 A
2023 9 7 16 46 50 32 A
2023 9 7 16 47 2 30 A
2023 9 7 16 47 14 30 A
2023 9 7 16 47 27 30 A
2023 9 7 16 47 39 32 A
2023 9 7 16 47 51 30 A
2023 9 7 16 48 4 30 A
2023 9 7 16 48 16 31 A
2023 9 7 16 48 28 30 A
2023 9 7 16 48 41 33 A
2023 9 7 16 48 53 30 A
2023 9 7 16 49 6 31 A
2023 9 7 16 49 18 32 A
2023 9 7 16 49 30 32 A
2023 9 7 16 49 43 32 A
2023 9 7 16 49 55 30 A
2023 9 7 16 50 7 31 A
2023 9 7 16 50 20 33 A
2023 9 7 16 50 32 31 A
2023 9 7 16 50 44 31 A
2023 9 7 16 50 57 31 A
2023 9 7 16 51 9 32 A
2023 9 7 16 51 21 32 A
2023 9 7 16 51 34 43 A
2023 9 7 16 51 46 31 A
2023 9 7 16 51 58 31 A
2023 9 7 16 52 11 32 A
2023 9 7 16 52 23 31 A
2023 9 7 16 52 35 32 A
2023 9 7 16 52 48 31 A
2023 9 7 16 53 0 31 A
2023 9 7 16 53 12 31 A
2023 9 7 16 53 25 31 A
2023 9 7 16 53 37 31 A
2023 9 7 16 53 50 31 A
2023 9 7 16 54 2 32 A
2023 9 7 16 54 14 31 A
2023 9 7 16 54 27 31 A
2023 9 7 16 54 39 30 A
2023 9 7 16 54 51 35 A
2023 9 7 16 55 4 31 A
2023 9 7 16 55 16 30 A
2023 9 7 16 55 28 31 A
2023 9 7 16 55 41 30 A
2023 9 7 16 55 53 31 A
2023 9 7 16 56 5 30 A
2023 9 7 16 56 18 30 A
2023 9 7 16 56 30 31 A
2023 9 7 16 56 42 31 A
2023 9 7 16 56 55 31 A
2023 9 7 16 57 7 30 A
2023 9 7 16 57 19 31 A
2023 9 7 16 57 32 32 A
2023 9 7 16 57 44 32 A
2023 9 7 16 57 56 34 A
2023 9 7 16 58 9 31 A
2023 9 7 16 58 21 31 A
2023 9 7 16 58 33 32 A
2023 9 7 16 58 46 30 A
2023 9 7 16 58 58 30 A
2023 9 7 16 59 11 30 A
2023 9 7 16 59 23 31 A
2023 9 7 16 59 35 30 A
2023 9 7 16 59 48 31 A
2023 9 7 17 0 0 33 A
2023 9 7 17 0 12 30 A
2023 9 7 17 0 25 30 A
2023 9 7 17 0 37 31 A
2023 9 7 17 0 49 31 A
2023 9 7 17 1 2 33 A
2023 9 7 17 1 14 31 A
2023 9 7 17 1 26 32 A
2023 9 7 17 1 39 32 A
2023 9 7 17 1 51 33 A
2023 9 7 17 2 3 31 A
2023 9 7 17 2 16 52 A
2023 9 7 17 2 28 34 A
2023 9 7 17 2 40 34 A
2023 9 7 17 2 53 30 A
2023 9 7 17 3 5 31 A
2023 9 7 17 3 17 30 A
2023 9 7 17 3 30 31 A
2023 9 7 17 3 42 32 A
2023 9 7 17 3 55 32 A
2023 9 7 17 4 7 31 A
2023 9 7 17 4 19 33 A
2023 9 7 17 4 32 40 A
2023 9 7 17 4 44 31 A
2023 9 7 17 4 56 30 A
2023 9 7 17 5 9 31 A
2023 9 7 17 5 21 31 A
2023 9 7 17 5 33 31 A
2023 9 7 17 5 46 38 A
2023 9 7 17 5 58 31 A
2023 9 7 17 6 10 31 A
2023 9 7 17 6 23 31 A
2023 9 7 17 6 35 31 A
2023 9 7 17 6 47 30 A
2023 9 7 17 7 0 31 A
2023 9 7 17 7 12 31 A
2023 9 7 17 7 24 31 A
2023 9 7 17 7 37 31 A
2023 9 7 17 7 49 31 A
2023 9 7 17 8 1 31 A
2023 9 7 17 8 14 31 A
2023 9 7 17 8 26 35 A
2023 9 7 17 8 39 32 A
2023 9 7 17 8 51 33 A
2023 9 7 17 9 3 32 A
2023 9 7 17 9 16 32 A
2023 9 7 17 9 28 33 A
2023 9 7 17 9 40 31 A
2023 9 7 17 9 53 31 A
2023 9 7 17 10 5 33 A
2023 9 7 17 10 17 52 A
2023 9 7 17 10 30 33 A
2023 9 7 17 10 42 32 A
2023 9 7 17 10 54 33 A
2023 9 7 17 11 7 32 A
2023 9 7 17 11 19 31 A
2023 9 7 17 11 31 32 A
2023 9 7 17 11 44 31 A
2023 9 7 17 11 56 32 A
2023 9 7 17 12 8 32 A
2023 9 7 17 12 21 35 A
2023 9 7 17 12 33 32 A
2023 9 7 17 12 45 31 A
2023 9 7 17 12 58 32 A
2023 9 7 17 13 10 32 A
2023 9 7 17 13 22 33 A
2023 9 7 17 13 35 31 A
2023 9 7 17 13 47 32 A
2023 9 7 17 14 0 33 A
2023 9 7 17 14 12 32 A
2023 9 7 17 14 24 32 A
2023 9 7 17 14 37 32 A
2023 9 7 17 14 49 34 A
2023 9 7 17 15 1 32 A
2023 9 7 17 15 14 32 A
2023 9 7 17 15 26 32 A
2023 9 7 17 15 38 32 A
2023 9 7 17 15 51 32 A
2023 9 7 17 16 3 32 A
2023 9 7 17 16 15 38 A
2023 9 7 17 16 28 32 A
2023 9 7 17 16 40 31 A
2023 9 7 17 16 52 31 A
2023 9 7 17 17 5 32 A
2023 9 7 17 17 17 32 A
2023 9 7 17 17 29 32 A
2023 9 7 17 17 42 32 A
2023 9 7 17 17 54 32 A
2023 9 7 17 18 6 31 A
2023 9 7 17 18 19 31 A
2023 9 7 17 18 31 32 A
2023 9 7 17 18 44 32 A
2023 9 7 17 18 56 31 A
2023 9 7 17 19 8 32 A
2023 9 7 17 19 21 33 A
2023 9 7 17 19 33 31 A
2023 9 7 17 19 45 31 A
2023 9 7 17 19 58 34 A
2023 9 7 17 20 10 33 A
2023 9 7 17 20 22 33 A
2023 9 7 17 20 35 32 A
2023 9 7 17 20 47 32 A
2023 9 7 17 20 59 32 A
2023 9 7 17 21 12 31 A
2023 9 7 17 21 24 39 A
2023 9 7 17 21 36 35 A
2023 9 7 17 21 49 31 A
2023 9 7 17 22 1 32 A
2023 9 7 17 22 13 34 A
2023 9 7 17 22 26 32 A
2023 9 7 17 22 38 32 A
2023 9 7 17 22 50 33 A
2023 9 7 17 23 3 32 A
2023 9 7 17 23 15 33 A
2023 9 7 17 23 28 41 A
2023 9 7 17 23 40 31 A
2023 9 7 17 23 52 32 A
2023 9 7 17 24 5 32 A
2023 9 7 17 24 17 34 A
2023 9 7 17 24 29 33 A
2023 9 7 17 24 42 31 A
2023 9 7 17 24 54 31 A
2023 9 7 17 25 6 31 A
2023 9 7 17 25 19 34 A
2023 9 7 17 25 31 31 A
2023 9 7 17 25 43 31 A
2023 9 7 17 25 56 31 A
2023 9 7 17 26 8 34 A
2023 9 7 17 26 20 32 A
2023 9 7 17 26 33 31 A
2023 9 7 17 26 45 33 A
2023 9 7 17 26 57 31 A
2023 9 7 17 27 10 31 A
2023 9 7 17 27 22 31 A
2023 9 7 17 27 34 30 A
2023 9 7 17 27 47 40 A
2023 9 7 17 27 59 31 A
2023 9 7 17 28 12 30 A
2023 9 7 17 28 24 32 A
2023 9 7 17 28 36 31 A
2023 9 7 17 28 49 31 A
2023 9 7 17 29 1 31 A
2023 9 7 17 29 13 31 A
2023 9 7 17 29 26 30 A
2023 9 7 17 29 38 30 A
2023 9 7 17 29 50 31 A
2023 9 7 17 30 3 31 A
2023 9 7 17 30 15 31 A
2023 9 7 17 30 27 32 A
2023 9 7 17 30 40 31 A
2023 9 7 17 30 52 31 A
2023 9 7 17 31 4 31 A
2023 9 7 17 31 17 31 A
2023 9 7 17 31 29 30 A
2023 9 7 17 31 41 30 A
2023 9 7 17 31 54 30 A
2023 9 7 17 32 6 30 A
2023 9 7 17 32 18 31 A
2023 9 7 17 32 31 30 A
2023 9 7 17 32 43 30 A
2023 9 7 17 32 56 31 A
2023 9 7 17 33 8 32 A
2023 9 7 17 33 20 31 A
2023 9 7 17 33 33 31 A
2023 9 7 17 33 45 30 A
2023 9 7 17 33 57 31 A
2023 9 7 17 34 10 31 A
2023 9 7 17 34 22 32 A
2023 9 7 17 34 34 31 A
2023 9 7 17 34 47 31 A
2023 9 7 17 34 59 31 A
2023 9 7 17 35 11 31 A
2023 9 7 17 35 24 31 A
2023 9 7 17 35 36 32 A
2023 9 7 17 35 48 31 A
2023 9 7 17 36 1 30 A
2023 9 7 17 36 13 30 A
2023 9 7 17 36 25 31 A
2023 9 7 17 36 38 31 A
2023 9 7 17 36 50 31 A
2023 9 7 17 37 2 30 A
2023 9 7 17 37 15 41 A
2023 9 7 17 37 27 35 A
2023 9 7 17 37 39 32 A
2023 9 7 17 37 52 31 A
2023 9 7 17 38 4 32 A
2023 9 7 17 38 17 31 A
2023 9 7 17 38 29 33 A
2023 9 7 17 38 41 32 A
2023 9 7 17 38 54 32 A
2023 9 7 17 39 6 31 A
2023 9 7 17 39 18 31 A
2023 9 7 17 39 31 31 A
2023 9 7 17 39 43 31 A
2023 9 7 17 39 55 31 A
2023 9 7 17 40 8 30 A
2023 9 7 17 40 20 31 A
2023 9 7 17 40 32 31 A
2023 9 7 17 40 45 31 A
2023 9 7 17 40 57 31 A
2023 9 7 17 41 9 36 A
2023 9 7 17 41 22 31 A
2023 9 7 17 41 34 32 A
2023 9 7 17 41 46 31 A
2023 9 7 17 41 59 36 A
2023 9 7 17 42 11 32 A
2023 9 7 17 42 23 30 A
2023 9 7 17 42 36 31 A
2023 9 7 17 42 48 30 A
2023 9 7 17 43 1 31 A
2023 9 7 17 43 13 36 A
2023 9 7 17 43 25 33 A
2023 9 7 17 43 38 31 A
2023 9 7 17 43 50 32 A
2023 9 7 17 44 2 32 A
2023 9 7 17 44 15 31 A
2023 9 7 17 44 27 30 A
2023 9 7 17 44 39 32 A
2023 9 7 17 44 52 31 A
2023 9 7 17 45 4 35 A
2023 9 7 17 45 16 32 A
2023 9 7 17 45 29 30 A
2023 9 7 17 45 41 34 A
2023 9 7 17 45 53 37 A
2023 9 7 17 46 6 31 A
2023 9 7 17 46 18 30 A
2023 9 7 17 46 30 31 A
2023 9 7 17 46 43 33 A
2023 9 7 17 46 55 32 A
2023 9 7 17 47 7 31 A
2023 9 7 17 47 20 32 A
2023 9 7 17 47 32 31 A
2023 9 7 17 47 45 31 A
2023 9 7 17 47 57 31 A
2023 9 7 17 48 9 40 A
2023 9 7 17 48 22 35 A
2023 9 7 17 48 34 32 A
2023 9 7 17 48 46 32 A
2023 9 7 17 48 59 32 A
2023 9 7 17 49 11 30 A
2023 9 7 17 49 23 31 A
2023 9 7 17 49 36 31 A
2023 9 7 17 49 48 32 A
2023 9 7 17 50 0 30 A
2023 9 7 17 50 13 31 A
2023 9 7 17 50 25 31 A
2023 9 7 17 50 37 31 A
2023 9 7 17 50 50 32 A
2023 9 7 17 51 2 31 A
2023 9 7 17 51 14 34 A
2023 9 7 17 51 27 32 A
2023 9 7 17 51 39 31 A
2023 9 7 17 51 51 31 A
2023 9 7 17 52 4 30 A
2023 9 7 17 52 16 32 A
2023 9 7 17 52 29 37 A
2023 9 7 17 52 41 31 A
2023 9 7 17 52 53 33 A
2023 9 7 17 53 6 32 A
2023 9 7 17 53 18 31 A
2023 9 7 17 53 30 43 A
2023 9 7 17 53 43 31 A
2023 9 7 17 53 55 31 A
2023 9 7 17 54 7 45 A
2023 9 7 17 54 20 31 A
2023 9 7 17 54 32 31 A
2023 9 7 17 54 44 31 A
2023 9 7 17 54 57 30 A
2023 9 7 17 55 9 31 A
2023 9 7 17 55 21 31 A
2023 9 7 17 55 34 30 A
2023 9 7 17 55 46 31 A
2023 9 7 17 55 58 34 A
2023 9 7 17 56 11 48 A
2023 9 7 17 56 23 34 A
2023 9 7 17 56 35 32 A
2023 9 7 17 56 48 39 A
2023 9 7 17 57 0 32 A
2023 9 7 17 57 12 32 A
2023 9 7 17 57 25 32 A
2023 9 7 17 57 37 32 A
2023 9 7 17 57 50 37 A
2023 9 7 17 58 2 40 A
2023 9 7 17 58 14 42 A
2023 9 7 17 58 27 31 A
2023 9 7 17 58 39 31 A
2023 9 7 17 58 51 31 A
2023 9 7 17 59 4 34 A
2023 9 7 17 59 16 33 A
2023 9 7 17 59 28 32 A
2023 9 7 17 59 41 30 A
2023 9 7 17 59 53 32 A
2023 9 7 18 0 5 31 A
2023 9 7 18 0 18 32 A
2023 9 7 18 0 30 32 A
2023 9 7 18 0 42 32 A
2023 9 7 18 0 55 31 A
2023 9 7 18 1 7 31 A
2023 9 7 18 1 19 33 A
2023 9 7 18 1 32 32 A
2023 9 7 18 1 44 32 A
2023 9 7 18 1 56 31 A
2023 9 7 18 2 9 31 A
2023 9 7 18 2 21 34 A
2023 9 7 18 2 34 32 A
2023 9 7 18 2 46 30 A
2023 9 7 18 2 58 31 A
2023 9 7 18 3 11 31 A
2023 9 7 18 3 23 31 A
2023 9 7 18 3 35 31 A
2023 9 7 18 3 48 31 A
2023 9 7 18 4 0 31 A
2023 9 7 18 4 12 39 A
2023 9 7 18 4 25 31 A
2023 9 7 18 4 37 34 A
2023 9 7 18 4 49 31 A
2023 9 7 18 5 2 30 A
2023 9 7 18 5 14 31 A
2023 9 7 18 5 26 31 A
2023 9 7 18 5 39 32 A
2023 9 7 18 5 51 31 A
2023 9 7 18 6 3 32 A
2023 9 7 18 6 16 30 A
2023 9 7 18 6 28 31 A
2023 9 7 18 6 40 30 A
2023 9 7 18 6 53 32 A
2023 9 7 18 7 5 38 A
2023 9 7 18 7 18 33 A
2023 9 7 18 7 30 36 A
2023 9 7 18 7 42 33 A
2023 9 7 18 7 55 30 A
2023 9 7 18 8 7 31 A
2023 9 7 18 8 19 30 A
2023 9 7 18 8 32 30 A
2023 9 7 18 8 44 32 A
2023 9 7 18 8 56 31 A
2023 9 7 18 9 9 34 A
2023 9 7 18 9 21 32 A
2023 9 7 18 9 33 37 A
2023 9 7 18 9 46 31 A
2023 9 7 18 9 58 31 A
2023 9 7 18 10 10 31 A
2023 9 7 18 10 23 31 A
2023 9 7 18 10 35 31 A
2023 9 7 18 10 47 31 A
2023 9 7 18 11 0 31 A
2023 9 7 18 11 12 30 A
2023 9 7 18 11 24 31 A
2023 9 7 18 11 37 30 A
2023 9 7 18 11 49 35 A
2023 9 7 18 12 1 36 A
2023 9 7 18 12 14 33 A
2023 9 7 18 12 26 31 A
2023 9 7 18 12 39 31 A
2023 9 7 18 12 51 31 A
2023 9 7 18 13 3 31 A
2023 9 7 18 13 16 31 A
2023 9 7 18 13 28 33 A
2023 9 7 18 13 40 31 A
2023 9 7 18 13 53 31 A
2023 9 7 18 14 5 33 A
2023 9 7 18 14 17 33 A
2023 9 7 18 14 30 31 A
2023 9 7 18 14 42 30 A
2023 9 7 18 14 54 41 A
2023 9 7 18 15 7 30 A
2023 9 7 18 15 19 31 A
2023 9 7 18 15 31 30 A
2023 9 7 18 15 44 31 A
2023 9 7 18 15 56 32 A
2023 9 7 18 16 8 31 A
2023 9 7 18 16 21 33 A
2023 9 7 18 16 33 32 A
2023 9 7 18 16 45 33 A
2023 9 7 18 16 58 32 A
2023 9 7 18 17 10 33 A
2023 9 7 18 17 23 32 A
2023 9 7 18 17 35 32 A
2023 9 7 18 17 47 33 A
2023 9 7 18 18 0 31 A
2023 9 7 18 18 12 32 A
2023 9 7 18 18 24 31 A
2023 9 7 18 18 37 31 A
2023 9 7 18 18 49 31 A
2023 9 7 18 19 1 35 A
2023 9 7 18 19 14 33 A
2023 9 7 18 19 26 34 A
2023 9 7 18 19 38 34 A
2023 9 7 18 19 51 32 A
2023 9 7 18 20 3 31 A
2023 9 7 18 20 15 33 A
2023 9 7 18 20 28 31 A
2023 9 7 18 20 40 32 A
2023 9 7 18 20 52 31 A
2023 9 7 18 21 5 34 A
2023 9 7 18 21 17 41 A
2023 9 7 18 21 29 31 A
2023 9 7 18 21 42 32 A
2023 9 7 18 21 54 31 A
2023 9 7 18 22 7 30 A
2023 9 7 18 22 19 30 A
2023 9 7 18 22 31 32 A
2023 9 7 18 22 44 33 A
2023 9 7 18 22 56 31 A
2023 9 7 18 23 8 35 A
2023 9 7 18 23 21 32 A
2023 9 7 18 23 33 31 A
2023 9 7 18 23 45 37 A
2023 9 7 18 23 58 31 A
2023 9 7 18 24 10 33 A
2023 9 7 18 24 22 44 A
2023 9 7 18 24 35 31 A
2023 9 7 18 24 47 31 A
2023 9 7 18 24 59 31 A
2023 9 7 18 25 12 31 A
2023 9 7 18 25 24 32 A
2023 9 7 18 25 36 31 A
2023 9 7 18 25 49 31 A
2023 9 7 18 26 1 32 A
2023 9 7 18 26 13 31 A
2023 9 7 18 26 26 36 A
2023 9 7 18 26 38 31 A
2023 9 7 18 26 51 30 A
2023 9 7 18 27 3 32 A
2023 9 7 18 27 15 30 A
2023 9 7 18 27 28 30 A
2023 9 7 18 27 40 31 A
2023 9 7 18 27 52 31 A
2023 9 7 18 28 5 31 A
2023 9 7 18 28 17 33 A
2023 9 7 18 28 29 34 A
2023 9 7 18 28 42 31 A
2023 9 7 18 28 54 33 A
2023 9 7 18 29 6 30 A
2023 9 7 18 29 19 30 A
2023 9 7 18 29 31 33 A
2023 9 7 18 29 43 30 A
2023 9 7 18 29 56 32 A
2023 9 7 18 30 8 30 A
2023 9 7 18 30 20 37 A
2023 9 7 18 30 33 31 A
2023 9 7 18 30 45 30 A
2023 9 7 18 30 57 31 A
2023 9 7 18 31 10 33 A
2023 9 7 18 31 22 35 A
2023 9 7 18 31 35 31 A
2023 9 7 18 31 47 31 A
2023 9 7 18 31 59 32 A
2023 9 7 18 32 12 32 A
2023 9 7 18 32 24 31 A
2023 9 7 18 32 36 33 A
2023 9 7 18 32 49 57 A
2023 9 7 18 33 1 30 A
2023 9 7 18 33 13 33 A
2023 9 7 18 33 26 34 A
2023 9 7 18 33 38 31 A
2023 9 7 18 33 50 33 A
2023 9 7 18 34 3 30 A
2023 9 7 18 34 15 30 A
2023 9 7 18 34 27 32 A
2023 9 7 18 34 40 33 A
2023 9 7 18 34 52 33 A
2023 9 7 18 35 4 32 A
2023 9 7 18 35 17 33 A
2023 9 7 18 35 29 31 A
2023 9 7 18 35 41 31 A
2023 9 7 18 35 54 30 A
2023 9 7 18 36 6 32 A
2023 9 7 18 36 19 32 A
2023 9 7 18 36 31 36 A
2023 9 7 18 36 43 31 A
2023 9 7 18 36 56 34 A
2023 9 7 18 37 8 32 A
2023 9 7 18 37 20 34 A
2023 9 7 18 37 33 32 A
2023 9 7 18 37 45 31 A
2023 9 7 18 37 58 31 A
2023 9 7 18 38 10 31 A
2023 9 7 18 38 22 32 A
2023 9 7 18 38 35 31 A
2023 9 7 18 38 47 38 A
2023 9 7 18 39 0 38 A
2023 9 7 18 39 12 32 A
2023 9 7 18 39 24 30 A
2023 9 7 18 39 37 32 A
2023 9 7 18 39 49 30 A
2023 9 7 18 40 1 31 A
2023 9 7 18 40 14 32 A
2023 9 7 18 40 26 33 A
2023 9 7 18 40 38 31 A
2023 9 7 18 40 51 31 A
2023 9 7 18 41 3 32 A
2023 9 7 18 41 15 31 A
2023 9 7 18 41 28 31 A
2023 9 7 18 41 40 33 A
2023 9 7 18 41 52 35 A
2023 9 7 18 42 5 32 A
2023 9 7 18 42 17 32 A
2023 9 7 18 42 29 31 A
2023 9 7 18 42 42 31 A
2023 9 7 18 42 54 32 A
2023 9 7 18 43 6 31 A
2023 9 7 18 43 19 32 A
2023 9 7 18 43 31 37 A
2023 9 7 18 43 44 31 A
2023 9 7 18 43 56 32 A
2023 9 7 18 44 8 33 A
2023 9 7 18 44 21 31 A
2023 9 7 18 44 33 42 A
2023 9 7 18 44 45 30 A
2023 9 7 18 44 58 30 A
2023 9 7 18 45 10 30 A
2023 9 7 18 45 22 30 A
2023 9 7 18 45 35 30 A
2023 9 7 18 45 47 31 A
2023 9 7 18 45 59 32 A
2023 9 7 18 46 12 30 A
2023 9 7 18 46 24 30 A
2023 9 7 18 46 36 30 A
2023 9 7 18 46 49 30 A
2023 9 7 18 47 1 31 A
2023 9 7 18 47 13 32 A
2023 9 7 18 47 26 30 A
2023 9 7 18 47 38 31 A
2023 9 7 18 47 50 32 A
2023 9 7 18 48 3 32 A
2023 9 7 18 48 15 33 A
2023 9 7 18 48 28 32 A
2023 9 7 18 48 40 45 A
2023 9 7 18 48 52 38 A
2023 9 7 18 49 5 34 A
2023 9 7 18 49 17 31 A
2023 9 7 18 49 29 31 A
2023 9 7 18 49 42 36 A
2023 9 7 18 49 54 30 A
2023 9 7 18 50 6 31 A
2023 9 7 18 50 19 31 A
2023 9 7 18 50 31 31 A
2023 9 7 18 50 43 31 A
2023 9 7 18 50 56 32 A
2023 9 7 18 51 8 31 A
2023 9 7 18 51 20 51 A
2023 9 7 18 51 33 49 A
2023 9 7 18 51 45 35 A
2023 9 7 18 51 57 49 A
2023 9 7 18 52 10 60 A
2023 9 7 18 52 22 30 A
2023 9 7 18 52 34 32 A
2023 9 7 18 52 47 32 A
2023 9 7 18 52 59 31 A
2023 9 7 18 53 12 36 A
2023 9 7 18 53 24 32 A
2023 9 7 18 53 36 33 A
2023 9 7 18 53 49 31 A
2023 9 7 18 54 1 31 A
2023 9 7 18 54 13 32 A
2023 9 7 18 54 26 31 A
2023 9 7 18 54 38 31 A
2023 9 7 18 54 50 31 A
2023 9 7 18 55 3 31 A
2023 9 7 18 55 15 31 A
2023 9 7 18 55 27 31 A
2023 9 7 18 55 40 33 A
2023 9 7 18 55 52 33 A
2023 9 7 18 56 4 32 A
2023 9 7 18 56 17 31 A
2023 9 7 18 56 29 35 A
2023 9 7 18 56 41 41 A
2023 9 7 18 56 54 31 A
2023 9 7 18 57 6 31 A
2023 9 7 18 57 18 31 A
2023 9 7 18 57 31 30 A
2023 9 7 18 57 43 31 A
2023 9 7 18 57 56 31 A
2023 9 7 18 58 8 31 A
2023 9 7 18 58 20 31 A
2023 9 7 18 58 33 32 A
2023 9 7 18 58 45 31 A
2023 9 7 18 58 57 31 A
2023 9 7 18 59 10 32 A
2023 9 7 18 59 22 32 A
2023 9 7 18 59 34 33 A
2023 9 7 18 59 47 33 A
2023 9 7 18 59 59 33 A
2023 9 7 19 0 11 34 A
2023 9 7 19 0 24 31 A
2023 9 7 19 0 36 31 A
2023 9 7 19 0 48 33 A
2023 9 7 19 1 1 31 A
2023 9 7 19 1 13 31 A
2023 9 7 19 1 25 34 A
2023 9 7 19 1 38 40 A
2023 9 7 19 1 50 32 A
2023 9 7 19 2 2 32 A
2023 9 7 19 2 15 33 A
2023 9 7 19 2 27 31 A
2023 9 7 19 2 40 31 A
2023 9 7 19 2 52 32 A
2023 9 7 19 3 4 33 A
2023 9 7 19 3 17 31 A
2023 9 7 19 3 29 31 A
2023 9 7 19 3 41 31 A
2023 9 7 19 3 54 33 A
2023 9 7 19 4 6 33 A
2023 9 7 19 4 18 31 A
2023 9 7 19 4 31 31 A
2023 9 7 19 4 43 31 A
2023 9 7 19 4 55 31 A
2023 9 7 19 5 8 33 A
2023 9 7 19 5 20 32 A
2023 9 7 19 5 32 32 A
2023 9 7 19 5 45 33 A
2023 9 7 19 5 57 34 A
2023 9 7 19 6 9 32 A
2023 9 7 19 6 22 31 A
2023 9 7 19 6 34 32 A
2023 9 7 19 6 47 31 A
2023 9 7 19 6 59 31 A
2023 9 7 19 7 11 31 A
2023 9 7 19 7 24 32 A
2023 9 7 19 7 36 33 A
2023 9 7 19 7 48 37 A
2023 9 7 19 8 1 32 A
2023 9 7 19 8 13 31 A
2023 9 7 19 8 25 31 A
2023 9 7 19 8 38 31 A
2023 9 7 19 8 50 35 A
2023 9 7 19 9 2 31 A
2023 9 7 19 9 15 33 A
2023 9 7 19 9 27 31 A
2023 9 7 19 9 39 31 A
2023 9 7 19 9 52 33 A
2023 9 7 19 10 4 31 A
2023 9 7 19 10 16 37 A
2023 9 7 19 10 29 31 A
2023 9 7 19 10 41 37 A
2023 9 7 19 10 54 31 A
2023 9 7 19 11 6 31 A
2023 9 7 19 11 18 32 A
2023 9 7 19 11 31 31 A
2023 9 7 19 11 43 31 A
2023 9 7 19 11 55 32 A
2023 9 7 19 12 8 32 A
2023 9 7 19 12 20 31 A
2023 9 7 19 12 32 32 A
2023 9 7 19 12 45 32 A
2023 9 7 19 12 57 32 A
2023 9 7 19 13 9 31 A
2023 9 7 19 13 22 31 A
2023 9 7 19 13 34 31 A
2023 9 7 19 13 46 35 A
2023 9 7 19 13 59 31 A
